100
3 1 5 15 13 11
3 0 8 23 22 21
3 2 1 19 15 0
3 2 3 17 7 30
2 0 2 7 9
3 0 0 17 14 9
3 0 5 5 6 6
1 0 4 24
2 2 9 9 13
1 1 6 12
2 1 9 9 28
1 1 2 20
2 2 6 22 21
3 0 9 28 15 1
1 1 7 7
2 0 2 15 9
1 0 7 28
2 0 7 0 17
3 3 6 19 16 23
2 0 5 18 12
1 0 7 17
3 1 3 15 0 30
2 0 0 14 3
1 0 5 11
3 0 3 15 20 5
3 0 3 23 3 28
1 0 0 17
2 0 8 27 1
1 1 6 24
3 0 10 13 19 11
2 0 6 17 15
1 1 9 5
3 1 2 19 15 29
2 2 5 22 14
3 2 6 27 9 19
3 1 1 5 22 29
1 1 3 2
3 0 10 9 27 27
2 0 5 11 12
1 0 0 30
3 0 9 22 1 23
3 3 2 19 3 6
2 2 5 2 14
3 0 0 15 4 27
1 0 9 9
1 0 0 0
2 0 2 8 2
2 2 0 15 9
1 0 1 0
2 0 8 21 20
1 0 8 30
3 0 5 20 12 11
2 1 5 11 11
2 0 3 18 20
1 0 4 9
2 1 10 26 26
2 0 10 21 14
2 0 2 27 2
1 0 4 9
1 0 0 17
3 3 10 4 15 10
2 2 3 21 23
2 2 1 6 12
2 0 1 21 25
2 0 0 12 15
2 0 6 1 28
2 0 10 30 30
1 0 2 29
3 2 2 12 20 10
1 1 5 18
3 0 6 24 15 14
2 1 1 19 11
1 1 0 8
3 3 4 11 13 14
2 0 3 5 5
1 1 8 22
3 0 9 17 30 23
2 2 7 14 8
1 1 6 17
2 1 2 2 3
1 0 9 29
2 2 5 9 16
1 0 3 6
3 1 5 4 20 4
3 1 10 26 22 27
3 2 9 17 5 6
3 3 2 18 27 5
3 0 8 20 15 12
3 1 10 26 15 27
2 0 8 11 18
1 0 4 1
3 3 10 9 17 25
3 0 4 8 4 9
2 0 9 14 13
3 3 7 23 17 2
3 1 2 2 2 3
3 1 10 2 12 9
2 0 9 23 24
2 2 10 7 24
2 0 10 16 27
