100
5
1 2 3 4 5
3
3 5 6
2
5 6
2
5 5
15
34407 249430 432624 727977 503220 946199 132164 715198 329249 294752 988260 130208 893869 109855 812294
15
899743 38791 739420 274195 463151 860700 189257 166098 639905 655455 378958 515950 198287 587678 558917
6
652205 534046 959623 293349 47598 766271
15
947365 242624 18143 482498 37206 690852 51106 377824 302511 845071 859696 507571 436112 716892 740839
6
699496 48031 60108 82233 519971 725723
15
787858 114427 878450 687375 926821 294336 571412 425913 882166 564423 781667 706193 611547 600425 688237
3
623122 366032 987801
11
471106 658903 697970 18946 331763 664758 276767 406132 404896 75917 658795
4
252708 419804 526722 898426
14
297005 640801 486831 581362 343854 803886 116636 414276 937877 788682 77112 442983 713989 221068
9
2273 1675 5974 240 1771 5452 9718 4885 15496
10
1552 9783 1960 5850 9018 1045 7725 5841 4431 4041
9
2726 4154 1661 981 28 1534 5299 1551 2154
12
8170 6356 3834 4994 1017 9222 2122 7880 5792 6846 5318 591
8
5044 6258 4493 4361 585 3124 6992 7791
9
5270 3375 1386 8751 7543 5336 7128 4247 15388
15
7126 8259 266 9472 8257 2046 5365 7471 2087 6585 5511 8234 9572 5121 9388
2
9632 1871
8
3110 5659 3411 8481 7383 9319 6619 5924
10
9338 2915 1082 933 3243 7090 3163 1882 7363 10333
8
376 5320 2188 9021 7969 8995 6008 4370
3
8331 2317 10630
13
1911 8270 2048 7944 3655 8093 3314 244 5295 8147 3463 2480 8870
6
7122 8608 4212 2125 9439 1684
13
6028 4555 3902 636 1972 5490 828 1702 9927 2752 8374 3352 7664
11
4581 1650 634 160 6950 2430 3991 6314 1813 6930 3119
6
1804 4811 5980 2821 6088 7112
15
9166 9351 612 5947 3695 6026 6527 2873 4991 1895 1464 2246 7161 8207 15141
10
8336 7173 7638 2813 8359 2536 1350 1151 8203 9155
3
5721 5175 622
9
7834 3273 5227 2951 9932 6618 7055 3120 9494
12
5939 4942 7883 5362 7717 7648 235 7343 3143 7349 9215 8904
8
4102 1611 4994 9958 2625 3549 6620 15721
5
4608 394 793 4673 1281
6
7983 9834 4707 8047 7853 10980
14
5877 3381 1688 4308 6041 5049 4088 6415 6755 8572 8353 737 8719 9227
3
9873 3167 10958
14
2972 2349 6473 2446 9713 4767 2748 626 9168 9855 3274 1803 447 8711
6
1761 1351 1762 846 2436 3982
3
8270 2543 10657
8
1113 7422 6569 7423 3911 5676 3875 3001
5
3128 6757 7596 2905 168
9
2551 7106 7934 9886 2111 5868 4856 4307 2486
12
346 9430 7387 4672 2969 5917 3177 8600 5768 3852 6899 6421
3
4730 9426 13992
11
7234 7844 2812 9265 9348 9048 9689 5149 5432 4849 9236
3
8678 93 8635
3
2352 9342 7914
8
3735 5052 9406 5589 3909 1233 4554 13854
11
6822 678 4179 3390 561 813 5514 7083 1690 248 3122
4
6016 5237 839 7763
12
6310 9327 3361 35 3870 4377 8539 4846 9072 4258 3992 1602
13
8170 6184 9070 1262 2640 5257 8431 7880 8644 1709 6612 61 15932
3
3881 4157 7956
7
4030 627 8930 1078 5323 9025 7315
12
9017 445 214 8526 6867 3113 4841 4479 6790 455 8803 2104
15
9023 6731 1889 732 2907 229 9985 4398 6018 9241 2809 2555 1741 518 13578
8
8484 7248 9772 5488 4623 8234 5658 6473
11
5441 2579 5755 3084 4801 9564 5172 6235 4873 9662 2222
5
7496 6379 7396 3946 5677
11
7807 6603 3500 1541 7158 3576 4764 2928 5923 8847 13907
3
2650 4631 6221
12
2223 8347 1351 8226 6329 9669 1482 152 6490 8708 6963 5394
8
7541 6332 3243 1959 2443 190 2965 3173
15
8080 3687 3191 2266 7157 379 8272 1461 3901 7515 6015 3377 3112 979 11746
3
6960 5759 3407
8
9883 5932 5413 8462 6630 7138 3431 6941
3
9826 5489 8231
8
1306 5807 7548 886 7142 7095 8653 11299
14
5491 2815 6036 8303 5568 2919 464 1755 5834 9178 8693 3261 878 8705
8
4055 6970 1441 8721 5540 6524 9343 7162
15
24 7499 6590 6258 8017 6464 8434 2524 9701 5241 535 8365 8369 4421 4466
13
1179 4557 4032 8561 6655 1756 8841 2734 841 973 2119 5451 4459
6
9008 9551 2173 4139 8089 3811
15
7623 6356 5021 4480 1847 4864 2704 8609 1190 6261 5019 2890 1873 9295 6976
7
932 3437 564 5224 2852 6031 1086
3
3906 4148 8054
9
9759 9173 1525 7128 4394 4837 4160 6604 4516
13
7702 2646 8030 2198 8993 9215 3645 3908 7050 2613 757 1588 5969
3
3308 6597 5417
10
4489 9691 8238 65 8114 5256 848 7013 5328 5090
8
1576 8358 6963 1895 4460 1078 6226 14290
12
2784 320 7089 4942 3758 6450 1640 8820 804 7926 6880 14317
10
5785 866 9638 2668 534 6754 1194 1988 6075 13968
11
981 9914 2572 2850 9145 2760 5799 9307 5189 1049 12176
11
2407 9739 4694 1765 7276 6394 6320 9164 5757 7564 4036
15
6489 6043 9025 8054 1039 4232 1196 811 6610 9039 3656 6177 1678 3862 1177
8
1593 9951 6169 5610 552 464 1415 4149
6
1256 1041 6299 5080 4625 7613
14
2046 1928 7371 7412 8453 2711 1830 8962 1489 4873 8922 9645 3768 6666
7
1526 9943 290 1053 3170 2851 8543
4
3199 8445 1014 12148
7
6336 8196 8873 7327 1699 4774 4855
11
3951 4258 9355 3463 9111 6179 6288 1216 1481 7295 2195
3
4179 2910 6925
4
1846 3436 8303 10805
