100
8 97 49
10 39 49
1 37 41
4 95 71
4 9 22
7 64 32
8 57 99
7 37 83
10 12 23
2 20 70
1 50 45
3 74 58
10 93 67
1 93 71
10 35 50
4 36 7
8 1 37
9 81 55
7 0 0
10 52 75
1 8 58
10 10 29
2 50 14
5 94 20
6 73 63
3 77 35
6 17 50
10 10 31
8 4 64
7 11 17
10 10 90
8 12 78
7 13 25
7 80 70
10 18 36
1 100 0
3 85 49
2 89 10
4 4 65
8 63 65
9 40 33
10 24 1
10 1 70
10 58 89
4 35 88
6 40 26
7 62 11
7 61 84
10 55 33
3 57 51
1 65 26
3 75 72
1 100 100
1 29 0
6 90 50
2 50 26
2 75 92
5 10 80
10 26 61
1 50 87
5 63 40
10 2 80
6 75 12
3 40 73
5 48 51
10 99 34
9 50 0
9 0 100
10 35 62
5 24 40
7 52 16
1 33 34
6 58 24
1 51 100
10 50 26
4 9 13
8 25 6
9 60 40
2 80 91
1 46 18
2 50 80
5 27 84
4 25 86
10 50 100
5 63 45
10 78 0
1 50 26
10 35 55
8 40 94
5 78 21
4 50 27
8 70 76
3 25 62
6 42 80
10 52 65
4 52 34
7 1 84
1 13 79
4 75 22
5 70 64
